20 0.015416666666666665 0.615 0.025833333333333333 0.09499999999999997
20 0.045 0.59625 0.035 0.08999999999999997
20 0.19458333333333333 0.369375 0.13749999999999998 0.07125000000000004
20 0.16625 0.59 0.10416666666666666 0.09250000000000003
20 0.27541666666666664 0.44999999999999996 0.10916666666666669 0.07
20 0.3308333333333333 0.595 0.125 0.10250000000000004
20 0.5079166666666667 0.46875 0.09916666666666668 0.08250000000000002
20 0.7179166666666666 0.51125 0.12749999999999995 0.03999999999999998
20 0.7604166666666667 0.528125 0.0675 0.09875
20 0.8295833333333333 0.55375 0.10250000000000004 0.07500000000000007
20 0.94875 0.5800000000000001 0.09750000000000003 0.12
