20 0.2679166666666667 0.28402366863905326 0.06583333333333335 0.06804733727810652
20 0.10375 0.6183431952662721 0.049166666666666664 0.07988165680473369
20 0.2554166666666667 0.6560650887573964 0.07250000000000001 0.07544378698224852
20 0.34125 0.7899408284023668 0.0708333333333333 0.07100591715976334
20 0.47958333333333336 0.8735207100591715 0.07083333333333336 0.07248520710059181
20 0.5220833333333333 0.6153846153846154 0.07583333333333336 0.0650887573964497
20 0.5208333333333334 0.7418639053254439 0.0633333333333333 0.08136094674556216
20 0.6625000000000001 0.49334319526627224 0.05166666666666664 0.08727810650887574
20 0.7825 0.7633136094674555 0.06833333333333336 0.0650887573964497
20 0.9612499999999999 0.32470414201183434 0.06916666666666671 0.07840236686390534
11 0.9695833333333332 0.6982248520710059 0.057499999999999996 0.09171597633136097
11 0.39249999999999996 0.07914201183431953 0.08333333333333331 0.12278106508875739
