20 0.6727642276422764 0.09916666666666668 0.21138211382113825 0.07166666666666667
20 0.6458333333333333 0.16208333333333333 0.2530487804878049 0.15583333333333332
20 0.3358739837398374 0.2875 0.09857723577235777 0.24833333333333335
20 0.4888211382113821 0.2891666666666667 0.35162601626016265 0.10666666666666669
20 0.33485772357723576 0.4475 0.20223577235772358 0.1333333333333333
20 0.6453252032520325 0.44999999999999996 0.12195121951219512 0.08833333333333332
20 0.5995934959349594 0.5379166666666667 0.3170731707317074 0.10916666666666669
20 0.6590447154471544 0.6829166666666666 0.15345528455284552 0.11750000000000005
20 0.3724593495934959 0.7966666666666666 0.06808943089430891 0.14500000000000002
20 0.22510162601626016 0.8483333333333334 0.12906504065040647 0.17000000000000004
