20 0.5874999999999999 0.5765625 0.06333333333333335 0.1010416666666667
20 0.685 0.5479166666666666 0.06666666666666676 0.08750000000000002
3 0.12208333333333334 0.6989583333333333 0.11416666666666667 0.15416666666666667
3 0.07375 0.6541666666666667 0.1475 0.08958333333333335
3 0.16791666666666666 0.6390625000000001 0.0975 0.10729166666666667
3 0.36 0.5416666666666666 0.10833333333333334 0.08541666666666664
3 0.3570833333333333 0.5854166666666667 0.10916666666666669 0.08750000000000002
3 0.4091666666666667 0.646875 0.125 0.09375
3 0.26416666666666666 0.7213541666666666 0.16833333333333333 0.1177083333333333
3 0.44666666666666666 0.7807291666666667 0.135 0.13854166666666667
3 0.3770833333333333 0.8348958333333334 0.1741666666666667 0.08437499999999998
3 0.6483333333333333 0.8197916666666667 0.08333333333333326 0.09375
3 0.8004166666666667 0.565625 0.12583333333333324 0.10416666666666663
3 0.9141666666666667 0.5453125 0.15166666666666662 0.0697916666666667
3 0.9554166666666667 0.59375 0.07916666666666661 0.1020833333333333
3 0.8333333333333333 0.61875 0.1316666666666667 0.07708333333333339
3 0.8529166666666667 0.66875 0.0708333333333333 0.12708333333333333
