27 0.44144588708877563 0.5146329998970032 0.11726319789886475 0.22902968525886536
27 0.7216379642486572 0.559070885181427 0.12355726957321167 0.18540534377098083
27 0.24473902583122253 0.48742765188217163 0.11385029554367065 0.19427335262298584
27 0.15958420932292938 0.4817041754722595 0.13806277513504028 0.1684683859348297
27 0.5449109673500061 0.5291316509246826 0.13927170634269714 0.19223597645759583
27 0.6363813281059265 0.5382091999053955 0.13537585735321045 0.2018863558769226
27 0.946544885635376 0.5782888531684875 0.10691028833389282 0.19086506962776184
27 0.8693845272064209 0.591644287109375 0.08797305822372437 0.2645530104637146
27 0.34984612464904785 0.5178781151771545 0.11564221978187561 0.2484368085861206
27 0.7956172227859497 0.5870749950408936 0.09590333700180054 0.3034055829048157
27 0.040876563638448715 0.4531400799751282 0.07232219725847244 0.1763768494129181
