20 0.8148645758628845 0.5954428315162659 0.11784493923187256 0.17915117740631104
20 0.28383567929267883 0.5481438636779785 0.12049950659275055 0.09423953294754028
20 0.13832786679267883 0.5410255789756775 0.12526154518127441 0.11528339982032776
20 0.7700181603431702 0.3159836530685425 0.05560588836669922 0.14864055812358856
20 0.920791506767273 0.40007326006889343 0.07861441373825073 0.11067837476730347
20 0.6256089806556702 0.6959137916564941 0.10029840469360352 0.14185601472854614
20 0.39606738090515137 0.4075705111026764 0.04980239272117615 0.13844668865203857
20 0.8690283298492432 0.2589750587940216 0.11126059293746948 0.08445848524570465
20 0.5815200805664062 0.38521939516067505 0.11123853921890259 0.09010621905326843
20 0.23242968320846558 0.7017572522163391 0.11103864014148712 0.08914494514465332
20 0.2360612154006958 0.4175296425819397 0.09727686643600464 0.1199127733707428
20 0.5546722412109375 0.4901339113712311 0.04715895652770996 0.14014869928359985
20 0.5315790176391602 0.7097193598747253 0.08127811551094055 0.09279322624206543
20 0.3879246115684509 0.5793542861938477 0.08086010813713074 0.15260857343673706
20 0.5976033210754395 0.5947995781898499 0.04453688859939575 0.16004741191864014
20 0.5158005952835083 0.44530147314071655 0.09506091475486755 0.08990123867988586
20 0.4081134796142578 0.625954270362854 0.11968478560447693 0.18125802278518677
