20 0.5095833333333333 0.4728079911209767 0.08583333333333332 0.18423973362930074
14 0.37333333333333335 0.24805771365149834 0.22166666666666668 0.11875693673695892
14 0.23791666666666667 0.3806881243063263 0.21416666666666664 0.14650388457269703
14 0.19791666666666666 0.5394006659267481 0.2708333333333333 0.12208657047724752
14 0.29791666666666666 0.6664816870144283 0.21083333333333332 0.1587125416204217
14 0.5620833333333334 0.7613762486126526 0.09083333333333332 0.290788013318535
14 0.8075 0.7319644839067703 0.22666666666666657 0.23196448390677027
14 0.8220833333333333 0.5821309655937847 0.23916666666666664 0.1587125416204217
14 0.7820833333333334 0.45338512763596006 0.2058333333333333 0.09877913429522756
14 0.62375 0.39289678135405104 0.1791666666666667 0.12874583795782463
