15 0.9283333333333333 0.6760651629072683 0.07833333333333337 0.0764411027568922
15 0.21041666666666667 0.8239348370927317 0.15250000000000002 0.08395989974937346
17 0.7375 0.6466165413533835 0.04999999999999993 0.1278195488721804
17 0.5958333333333333 0.6484962406015038 0.13666666666666671 0.0964912280701754
17 0.4716666666666667 0.56265664160401 0.13666666666666671 0.08270676691729328
17 0.3466666666666667 0.5977443609022557 0.08500000000000002 0.07268170426065168
17 0.4270833333333333 0.6459899749373433 0.09583333333333333 0.06140350877192979
17 0.38125 0.68671679197995 0.1358333333333333 0.08270676691729328
17 0.29791666666666666 0.7167919799498748 0.15083333333333335 0.06516290726817042
17 0.24 0.6165413533834587 0.04833333333333334 0.10776942355889718
17 0.12541666666666668 0.6729323308270676 0.11750000000000001 0.12531328320802004
